90,118,119,104,105,108],90,91,89,114,128,115,86,102,103,119,104,105,108],90,118,119,120,95,100,96,111,110,108],90,91,102,106,87,95,100,96,111,110,108],90,91,89,114,115,86,102,106,103,119,104,105,108
38,46,172,52,53,140,121,54,70,72],38,50,172,52,53,140,121,54,70,72],38,46,51,52,53,140,121,54,70,72],38,46,172,52,7,53,140,121,54,70,72],38,46,172,52,7,139,140,121,54,70,72
107,104,99],107,120,106,103,119,104,99],107,120,106,103,90,118,99],107,120,106,102,103,119,104,99],107,120,106,102,86,89,91,90,118,99
154,178,2,152,151,180],154,178,2,152,10,151,180],154,178,2,49,159,164,165,10,151,180],154,178,2,49,159,164,165,10,152,151,180],154,178,2,49,159,164,165,166,167,151,180
38,50,135,2,49,159,164,48,47,147,68,69,128,115],38,50,135,2,49,159,164,48,47,147,68,69,128,114,115],38,50,135,2,49,159,160,65,131,132,147,68,69,128,115],38,46,172,50,135,2,49,159,164,48,47,147,68,69,128,115],38,50,135,2,49,35,160,65,131,132,147,68,69,128,115
20,137,57
179,58,92,126,93,45,22,127,6,21,130,138,193,153,2,135,50,172,52,53,140,121],179,58,92,126,93,45,22,127,6,21,130,20,137,138,193,153,2,135,50,172,52,53,140,121],179,58,92,126,93,45,22,127,6,21,130,138,193,153,188,2,135,50,172,52,53,140,121],179,58,92,126,93,45,22,127,6,21,130,20,137,138,193,153,188,2,135,50,172,52,53,140,121],179,58,92,126,93,45,22,127,6,21,130,138,193,153,2,135,50,172,52,7,53,140,121
76,78,172,50,135,2,49,159,164,48,47,147,68,69,128,115,86,102,103,119,120],76,78,172,50,135,2,49,159,164,48,47,147,68,69,128,114,115,86,102,103,119,120],76,78,172,50,135,2,49,159,160,65,131,132,147,68,69,128,115,86,102,103,119,120],76,78,74,172,50,135,2,49,159,164,48,47,147,68,69,128,115,86,102,103,119,120],76,78,172,50,135,2,49,35,160,65,131,132,147,68,69,128,115,86,102,103,119,120
149,148,147,47,48,164,159,160,35],149,148,147,47,48,164,159,49,35],149,148,191,132,47,48,164,159,160,35],149,148,147,47,48,164,159,49,2,188,35],149,148,147,146,190,47,48,164,159,160,35
144,143,55,32,70,54,121,140,53,52,172,46,38,134,9],144,143,55,73,72,70,54,121,140,53,52,172,46,38,134,9],144,143,55,32,70,54,121,140,53,52,51,46,38,134,9],144,143,55,73,72,70,54,121,140,53,52,51,46,38,134,9],144,143,55,32,70,54,121,140,53,52,172,50,135,134,9
68,147,47,48,164,159,49,2,155,77,76,78],68,147,47,48,164,159,49,2,135,50,76,78],68,148,147,47,48,164,159,49,2,155,77,76,78],68,67,146,147,47,48,164,159,49,2,155,77,76,78],68,67,146,190,47,48,164,159,49,2,155,77,76,78
144,143,55,32,70,54,121,140,53,52,172,50,76],144,143,55,73,72,70,54,121,140,53,52,172,50,76],144,143,55,32,70,54,121,140,53,7,52,172,50,76],144,143,55,32,70,54,121,140,139,7,52,172,50,76],144,143,55,73,72,70,54,121,140,53,7,52,172,50,76
170,169,168,162,142
138,193,153,2,155,75,92,126,129,17,15,85,83,122],138,193,153,2,155,75,92,126,129,17,14,13,15,85,83,122],138,193,153,188,2,155,75,92,126,129,17,15,85,83,122],138,193,153,188,35,160,159,49,2,155,75,92,126,129,17,15,85,83,122],138,193,34,157,160,159,49,2,155,75,92,126,129,17,15,85,83,122
180,151],180,173,27,167,151],180,173,27,167,166,165,10,151],180,173,27,167,166,165,10,152,151],180,173,60,185,27,167,151
109,110,111],109,110,108,96,111],109,110,108,96,94,112,111],109,110,108,107,120,95,100,96,111],109,110,108,107,120,106,87,95,100,96,111
30,63,157,160,159,49,2,135,134,38],30,63,65,160,159,49,2,135,134,38],30,63,157,160,35,188,2,135,134,38],30,63,157,34,193,153,2,135,134,38],30,63,157,160,159,49,2,135,50,172,46,38
73,72,70,133,156,171,186,98],73,55,32,70,133,156,171,186,98
93,45,22,127,6,21,130,20,137,57,176
66,67,146,147,47,48,164,159,160,35],66,67,146,147,47,48,164,159,49,35],66,67,146,190,47,48,164,159,160,35],66,67,146,190,185,48,164,159,160,35],66,67,68,147,47,48,164,159,160,35
9,134,38,50,135,2,152,151,167,27],9,134,38,50,135,2,152,151,180,173,27],9,134,38,50,135,2,49,159,164,165,166,167,27],9,134,38,46,172,50,135,2,152,151,167,27],9,134,38,50,135,2,152,10,165,166,167,27
103,119,120,95,101,88,113,127,6,21,130],103,119,120,95,100,96,94,88,113,127,6,21,130],103,119,104,105,109,110,111,112,113,127,6,21,130],103,119,120,95,100,96,111,112,113,127,6,21,130],103,119,104,105,108,96,94,88,113,127,6,21,130
49,159,164,48,47,147,68,69],49,159,160,65,131,132,147,68,69],49,35,160,65,131,132,147,68,69],49,159,164,48,47,132,147,68,69],49,159,164,48,47,147,148,149,69
131,132,147,148,149],131,132,191,192,149],131,132,47,147,148,149],131,132,47,190,146,147,148,149],131,132,147,148,191,192,149
176,151,167],176,151,180,173,27,167],176,151,10,165,166,167],176,151,180,173,60,185,27,167],176,151,10,165,164,48,185,27,167
120,106,102,86,115,128,69,68,67,146,145,61,60],120,106,102,86,115,128,69,68,67,146,190,61,60],120,106,102,86,115,128,69,68,67,146,190,185,60],120,106,102,86,115,128,69,68,147,47,190,61,60
147,47,48],147,146,190,47,48],147,146,190,185,48],147,47,190,185,48],147,148,191,132,47,48
149,148,147,146,145,61,60,173,150,175],149,148,147,146,190,61,60,173,150,175],149,148,147,47,190,61,60,173,150,175],149,148,147,146,190,185,60,173,150,175],149,148,147,47,190,185,60,173,150,175
89,114,115],89,114,128,115],89,91,102,86,115],89,91,90,118,119,120,106,102,86,115],89,91,90,118,119,120,95,87,106,102,86,115
18,20,137,138,193,153,2,135,50,172,52,7],18,20,137,138,193,153,188,2,135,50,172,52,7],18,20,137,138,193,153,2,135,50,172,52,53,7],18,20,137,138,193,153,188,2,135,50,172,52,53,7],18,20,137,138,193,153,2,135,50,172,46,51,52,7
141,140,53,52,172,50,135,2,152,151,180,173],141,136,140,53,52,172,50,135,2,152,151,180,173],141,140,53,7,52,172,50,135,2,152,151,180,173],141,140,139,7,52,172,50,135,2,152,151,180,173],141,140,53,52,172,50,135,2,152,151,167,27,173
164,159,49,2,155,75,92,126,93,45,22,127],164,48,47,147,68,69,128,115,86,102,106,87,95,101,88,113,127],164,159,160,35,188,2,155,75,92,126,93,45,22,127],164,159,49,35,188,2,155,75,92,126,93,45,22,127],164,48,47,147,68,69,128,114,115,86,102,106,87,95,101,88,113,127
51,46,172,50,135,2,49,159,160,65,131,132],51,46,172,50,135,2,49,35,160,65,131,132],51,46,172,50,135,2,49,159,164,48,47,132],51,46,172,50,135,2,188,35,160,65,131,132],51,46,38,50,135,2,49,159,160,65,131,132
30,63,157,160,159,49,2,155],30,63,65,160,159,49,2,155],30,63,157,160,35,188,2,155],30,63,157,34,193,153,2,155],30,63,65,160,35,188,2,155
158,7,52,172,46,38],158,7,52,51,46,38],158,7,53,52,172,46,38],158,7,52,172,50,135,134,38],158,7,139,140,53,52,172,46,38
84,16,127,113,112,111],84,16,127,113,88,101,100,96,111],84,16,127,113,88,101,95,100,96,111],84,16,127,113,88,101,100,96,94,112,111],84,16,127,113,88,101,95,100,96,94,112,111
50,135,2,155,75,92,126,93],50,135,2,152,151,180,173,150,175,154,178,179,58,92,126,93],50,135,2,152,151,167,27,173,150,175,154,178,179,58,92,126,93],50,135,2,49,159,164,165,166,167,27,173,150,175,154,178,179,58,92,126,93],50,135,2,152,10,165,166,167,27,173,150,175,154,178,179,58,92,126,93
155,77,135,50,172,52,53,140,121,54,70,133],155,77,76,78,172,52,53,140,121,54,70,133],155,77,135,50,172,52,7,53,140,121,54,70,133],155,77,135,50,172,52,7,139,140,121,54,70,133],155,77,76,78,74,172,52,53,140,121,54,70,133
148,147,47,48,164,159,49,2,155,77,76,78],148,147,47,48,164,159,49,2,135,50,76,78],148,191,132,47,48,164,159,49,2,155,77,76,78],148,147,146,190,47,48,164,159,49,2,155,77,76,78],148,147,146,190,185,48,164,159,49,2,155,77,76,78
167,166,165,164,48,47,147,148],167,27,185,190,146,147,148],167,27,185,190,47,147,148],167,27,185,48,47,147,148],167,166,165,164,48,47,132,147,148
74,172,50,76,78],74,172,50,135,2,155,77,76,78],74,172,46,38,50,76,78],74,172,52,51,46,38,50,76,78
182,181,116,62,44,122
161,162,168,141,140,53],161,162,168,141,136,140,53],161,162,168,141,140,139,7,53],161,162,168,141,140,139,7,52,53],161,162,168,141,136,140,139,7,53
116,62,44
84,16,19,11,12
120,106,102,86,115,128],120,106,102,86,89,114,128],120,106,102,86,89,114,115,128],120,106,103,90,91,89,114,128],120,95,87,106,102,86,115,128
10,165,164,159,49,2],10,165,164,159,160,35,188,2],10,165,164,159,49,35,188,2],10,151,167,166,165,164,159,49,2],10,165,164,159,160,35,188,153,2
20,137,138,193,34,157],20,137,138,193,153,188,35,34,157],20,137,138,193,153,188,35,160,157],20,137,138,193,153,188,35,160,65,63,157],20,137,138,193,153,2,49,159,160,157
184,1
12,18,20,137,138,193,153,2],12,18,20,137,138,193,153,188,2],12,18,20,137,138,193,153,188,35,160,159,49,2],12,18,20,137,138,193,34,157,160,159,49,2],12,18,20,137,138,193,34,157,160,35,188,2
178,2,49,159,164,48],178,2,152,10,165,164,48],178,2,49,35,160,159,164,48],178,2,152,151,10,165,164,48],178,2,188,35,160,159,164,48
4,3,129,17,15],4,3,129,17,14,13,15
167,27,185,190,146,67],167,27,185,60,61,145,146,67],167,27,185,60,61,190,146,67],167,27,173,60,61,145,146,67],167,27,173,60,185,190,146,67
127,113,88,101,100],127,113,88,101,95,100],127,113,112,111,110,108,107,120,95,100],127,113,112,111,110,108,107,120,106,87,95,100],127,113,112,111,110,108,96,94,88,101,100
77,135,2,155,75,92],77,76,78,172,50,135,2,155,75,92],77,76,78,74,172,50,135,2,155,75,92],77,76,78,172,46,38,50,135,2,155,75,92],77,76,78,74,172,46,38,50,135,2,155,75,92
151,10,165,164,159,49,2],151,167,166,165,164,159,49,2],151,180,173,150,175,154,178,2],151,180,173,27,167,166,165,164,159,49,2],151,167,27,185,48,164,159,49,2
152,151,10,165,164,159,49,2,135,134],152,151,167,166,165,164,159,49,2,135,134],152,10,165,164,159,49,2,135,50,172,46,38,134],152,151,180,173,150,175,154,178,2,135,134
67,146,147,47],67,146,190,47],67,68,147,47],67,68,148,147,47],67,146,145,61,190,47
189,139,7,52,172,50,135,2,49],189,140,53,52,172,50,135,2,49],189,139,7,53,52,172,50,135,2,49],189,139,140,53,52,172,50,135,2,49],189,139,7,52,51,46,172,50,135,2,49
112,113,127,6,21,130],112,111,110,108,96,94,88,113,127,6,21,130],112,111,110,108,107,120,95,101,88,113,127,6,21,130],112,111,110,108,107,120,95,100,96,94,88,113,127,6,21,130],112,111,110,108,107,120,106,87,95,101,88,113,127,6,21,130
20,137,138,193,34,157],20,137,138,193,153,188,35,34,157],20,137,138,193,153,188,35,160,157],20,137,138,193,153,188,35,160,65,63,157],20,137,138,193,153,2,49,159,160,157
40,43,41,84,16,127],40,43,41,84,16,19,18,20,137,138,193,153,2,155,75,92,126,93,45,22,127],40,43,41,84,16,19,11,12,18,20,137,138,193,153,2,155,75,92,126,93,45,22,127],40,43,41,84,16,19,18,20,137,138,193,153,188,2,155,75,92,126,93,45,22,127],40,43,41,84,16,19,11,12,18,20,137,138,193,153,188,2,155,75,92,126,93,45,22,127
125,127,6,21,130,138],125,127,6,21,130,20,137,138
55,32,70,54,121,140,141,168,169],55,73,72,70,54,121,140,141,168,169],55,32,70,54,121,140,136,141,168,169],55,73,72,70,54,121,140,136,141,168,169
165,164,48,47,132,191,29],165,164,159,160,157,63,30,29],165,164,159,160,65,63,30,29],165,164,159,160,35,34,157,63,30,29],165,164,159,49,35,34,157,63,30,29
165,164,159,49,35,34,157,63,30,29
146,147,47,48,164],146,190,47,48,164],146,190,185,48,164],146,145,61,60,185,48,164],146,190,61,60,185,48,164
144,143,55,32,70,133,156,171,186,98,182,181,116,62,44,124],144,143,55,73,72,70,133,156,171,186,98,182,181,116,62,44,124],144,143,36,33,56,55,32,70,133,156,171,186,98,182,181,116,62,44,124
115,86,102,106,87,95,101],115,86,102,103,119,120,95,101],115,86,102,103,119,120,106,87,95,101],115,86,102,106,87,95,100,96,94,88,101],115,86,102,103,119,120,95,100,96,94,88,101
10,165,164,48],10,165,166,167,27,185,48],10,151,167,166,165,164,48],10,165,166,167,27,173,60,185,48],10,152,151,167,166,165,164,48
142,162,168,141
45,22,127,6,21,130,138,193],45,22,127,6,21,130,20,137,138,193],45,22,127,6,21,130,20,137,57,176,151,10,165,164,159,160,35,34,193],45,22,127,6,21,130,20,137,57,176,151,10,165,164,159,49,35,34,193],45,22,127,113,88,101,95,87,106,102,86,115,128,69,68,147,47,48,164,159,160,35,34,193
139,140,121,54,70,32,55],139,140,121,54,70,72,73,55],139,189,140,121,54,70,32,55],139,7,53,140,121,54,70,32,55],139,7,52,53,140,121,54,70,32,55
52,53,140,121,54,70,32,55],52,53,140,121,54,70,72,73,55],52,7,53,140,121,54,70,32,55],52,7,139,140,121,54,70,32,55],52,7,139,189,140,121,54,70,32,55
54,121,140,53,52,172,50,76],54,121,140,53,7,52,172,50,76],54,121,140,139,7,52,172,50,76],54,121,140,53,52,51,46,172,50,76],54,121,140,189,139,7,52,172,50,76
64,65,160],64,65,63,157,160],64,65,63,157,34,193,153,188,35,160],64,65,131,132,47,48,164,159,160],64,65,63,157,34,193,153,2,49,159,160
52,172,50,135],52,51,46,172,50,135],52,172,46,38,50,135],52,51,46,38,50,135
149,148,147,146,145,61],149,148,147,146,190,61],149,148,147,47,190,61],149,148,191,132,47,190,61],149,148,191,132,147,146,145,61
46,172,50,135,2,155],46,38,50,135,2,155],46,51,52,172,50,135,2,155
188,2,135,50,172,52],188,153,2,135,50,172,52],188,35,160,159,49,2,135,50,172,52],188,2,135,50,172,46,51,52],188,153,2,135,50,172,46,51,52
127,113,88,101,95,87,106,103,90,91],127,113,88,101,95,87,106,102,86,89,91],127,113,88,101,95,87,106,102,103,90,91],127,113,88,101,100,107,120,106,103,90,91],127,113,88,101,100,107,104,99,118,90,91
188,2,135,50],188,153,2,135,50],188,35,160,159,49,2,135,50],188,2,135,134,38,50],188,153,2,135,134,38,50
168,162,161
75,92,126,93,45,22,127,6,21,130,138,193,153,188,35,160,159,164,165,166],75,92,126,93,45,22,127,6,21,130,20,137,138,193,153,188,35,160,159,164,165,166],75,92,126,93,45,22,127,6,21,130,138,193,153,2,49,159,164,165,166],75,92,126,93,45,22,127,6,21,130,20,137,138,193,153,2,49,159,164,165,166],75,92,126,93,45,22,127,6,21,130,138,193,153,188,2,49,159,164,165,166
45,22,127,113,88,101,95,87],45,22,127,113,88,101,100,107,120,106,87],45,22,127,113,112,111,110,108,107,120,106,87],45,22,127,113,88,101,100,107,120,95,87],45,22,127,113,88,101,95,100,107,120,106,87
64,65,160,159,49,2,135,50,172,52,53],64,65,160,35,188,2,135,50,172,52,53],64,65,160,159,49,2,135,50,172,52,7,53],64,65,160,35,188,153,2,135,50,172,52,53],64,65,160,35,188,2,135,50,172,52,7,53
22,127,6,5,4,3,129,17,14],22,127,6,21,130,138,193,153,2,155,75,92,126,129,17,14],22,127,6,21,130,20,137,138,193,153,2,155,75,92,126,129,17,14],22,127,6,21,130,138,193,153,188,2,155,75,92,126,129,17,14],22,127,6,21,130,20,137,138,193,153,188,2,155,75,92,126,129,17,14
115,86,102,106,87,95,101,88,113,127,6,21,130,138],115,86,102,106,87,95,101,88,113,127,6,21,130,20,137,138],115,86,102,106,87,95,100,96,94,88,113,127,6,21,130,138],115,86,102,106,87,95,100,96,111,112,113,127,6,21,130,138],115,86,102,106,87,95,100,96,94,112,113,127,6,21,130,138
154,178,2,49,159,164,48,47,147,68,69,128,115,86,102,106,87,95,101],154,178,2,49,159,164,48,47,147,68,69,128,114,115,86,102,106,87,95,101],154,178,2,49,159,160,65,131,132,147,68,69,128,115,86,102,106,87,95,101],154,178,2,49,35,160,65,131,132,147,68,69,128,115,86,102,106,87,95,101],154,178,2,49,159,164,48,47,132,147,68,69,128,115,86,102,106,87,95,101
45,22,127,113,88,101,100,107,104,99,118],45,22,127,113,112,111,110,108,107,104,99,118],45,22,127,113,88,101,95,87,106,103,90,118],45,22,127,113,88,101,95,100,107,104,99,118],45,22,127,113,88,101,95,87,106,102,103,90,118
154,178,2,135,50,172,52,53,140,121,54,70,32,55],154,178,2,135,50,172,52,53,140,121,54,70,72,73,55],154,178,2,135,50,172,52,7,53,140,121,54,70,32,55],154,178,2,135,50,172,52,7,139,140,121,54,70,32,55],154,178,2,135,50,172,46,51,52,53,140,121,54,70,32,55
173,150,175,154,178,179,58,92,126,93,45],173,150,175,154,178,2,155,75,92,126,93,45],173,27,167,166,165,164,159,49,2,155,75,92,126,93,45],173,60,185,48,164,159,49,2,155,75,92,126,93,45],173,27,185,48,164,159,49,2,155,75,92,126,93,45
144,143,55,32,70,54,121,140,53,52,172,50,135,2,49,159,164,48,47,147,68,69,128,115,86,102,103,119,104,105,108,107],144,143,55,73,72,70,54,121,140,53,52,172,50,135,2,49,159,164,48,47,147,68,69,128,115,86,102,103,119,104,105,108,107],144,143,55,32,70,54,121,140,53,52,172,50,135,2,49,159,164,48,47,147,68,69,128,114,115,86,102,103,119,104,105,108,107],144,143,55,32,70,54,121,140,53,52,172,50,135,2,49,159,164,48,47,147,68,69,128,115,86,102,106,87,95,100,107],144,143,55,73,72,70,54,121,140,53,52,172,50,135,2,49,159,164,48,47,147,68,69,128,114,115,86,102,103,119,104,105,108,107
32,70,54,121,140,53,52,172,46,38,134,9],32,70,54,121,140,53,52,51,46,38,134,9],32,70,54,121,140,53,52,172,50,135,134,9],32,70,54,121,140,53,7,52,172,46,38,134,9],32,70,54,121,140,139,7,52,172,46,38,134,9
18,20,137,138,193,153,2,155,75,92,126,129,17,15,85,83,122],18,20,137,138,193,153,2,155,75,92,126,129,17,14,13,15,85,83,122],18,20,137,138,193,153,188,2,155,75,92,126,129,17,15,85,83,122],18,20,137,138,193,153,188,35,160,159,49,2,155,75,92,126,129,17,15,85,83,122],18,20,137,138,193,34,157,160,159,49,2,155,75,92,126,129,17,15,85,83,122
11,12,18,20,137,138,193,153,2,135,50,172,52,53,140,141,168,162,142],11,12,18,20,137,138,193,153,188,2,135,50,172,52,53,140,141,168,162,142],11,12,18,20,137,138,193,153,2,135,50,172,52,53,140,136,141,168,162,142],11,12,18,20,137,138,193,153,2,135,50,172,52,7,53,140,141,168,162,142],11,12,18,20,137,138,193,153,2,135,50,172,52,7,139,140,141,168,162,142
166,167,27,185,48,164,159,49,2,155,75,92,126,129],166,167,27,173,150,175,154,178,179,58,92,126,129],166,167,27,173,150,175,154,178,179,58,129],166,167,27,173,150,175,154,178,179,58,129],166,167,27,173,150,175,154,178,2,155,75,92,126,129
189,140,121,54],189,139,140,121,54],189,139,7,53,140,121,54],189,139,7,52,53,140,121,54
147,47,48,164,159,49,2,135,50,172,52,53,140,141,168],147,47,48,164,159,49,2,135,50,172,52,53,140,136,141,168],147,47,48,164,159,49,2,135,50,172,52,7,53,140,141,168],147,47,48,164,159,49,2,135,50,172,52,7,139,140,141,168],147,146,190,47,48,164,159,49,2,135,50,172,52,53,140,141,168
